0	1	0	19
1	2	0	0
2	3	0	0
3	4	5982	0
4	5	2829	0
5	6	1669	0
6	7	2391	0
7	8	0	0
8	9	0	0	0.124430001
8	10	0	3	2.14558101
9	11	0	20
10	12	0	0
11	13	0	0
12	14	6175	0
13	15	6175	0
14	16	2829	0
15	17	2829	0
16	18	1669	0
17	19	1669	0
18	20	2391	0
19	21	2391	0
20	22	0	0
21	23	0	0
22	24	0	0
23	25	0	0
24	26	0	0
25	27	0	0
26	28	0	0
27	29	0	0
28	30	125	0
29	31	5031	0
30	32	0	0
31	33	6025	0
32	34	0	0	0.124430001
32	35	0	3	2.14558101
33	36	5982	0
34	37	0	20
35	38	6536	0
36	39	2829	0
37	40	6536	0
38	41	0	0
39	42	1669	0
40	33	1565	0
41	43	0	0	0.124430001
41	44	0	3	2.14558101
42	45	2391	0
43	46	0	20
44	38	6536	0
45	47	0	0
46	40	6536	0
47	48	0	0
48	49	0	0	0.124430001
48	50	0	3	2.14558101
49	51	0	21
50	52	2821	0
51	53	2821	0
52	54	3598	0
53	55	3598	0
54	56	0	0
55	57	0	0
56	58	0	0
57	59	0	0
58	60	0	0
59	61	0	0
60	62	0	0
61	63	0	0
62	64	0	0
63	65	0	0
64	66	6663	0
65	67	231	0
66	68	0	0
67	69	5141	0
68	70	0	0	0.124430001
68	71	0	3	2.14558101
69	72	5982	0
70	73	0	21
71	74	6536	0
72	75	2829	0
73	76	6536	0
74	77	0	0
75	78	1669	0
76	69	1565	0
77	79	0	0	0.124430001
77	80	0	3	2.14558101
78	81	2391	0
79	82	0	21
80	74	6536	0
81	83	0	0
82	76	6536	0
83	84	0	0
84	85	0	0	0.124430001
84	86	0	3	2.14558101
85	87	0	22
86	88	56	0
87	89	56	0
88	90	0	0
89	91	0	0
90	92	6511	0
91	93	6511	0
92	94	426	0
93	95	426	0
94	96	2323	0
95	97	2323	0
96	98	0	0
97	99	0	0
98	100	0	0
99	101	0	0
100	102	6044	0
101	103	4854	0
102	104	0	0
103	105	6323	0
104	106	0	0	0.124430001
104	107	0	3	2.14558101
105	108	5982	0
106	109	0	22
107	110	6536	0
108	111	2829	0
109	112	6536	0
110	113	0	0
111	114	1669	0
112	105	1565	0
113	115	0	0	0.124430001
113	116	0	3	2.14558101
114	117	2391	0
115	118	0	22
116	110	6536	0
117	119	0	0
118	112	6536	0
119	120	0	0
120	121	2829	0
121	122	1669	0
122	123	0	0
123	124	0	0	0.124430001
123	125	3317	3	2.14558101
124	126	3317	23
125	127	2353	0
126	128	2353	0
127	129	0	0
128	130	0	0
129	131	0	0
130	132	0	0
131	133	145	0
132	134	141	0
133	135	0	0
134	136	6025	0
135	137	0	0	0.124430001
135	138	0	3	2.14558101
136	139	5982	0
137	140	0	23
138	141	6536	0
139	142	2829	0
140	143	6536	0
141	144	0	0
142	145	1669	0
143	136	1565	0
144	146	0	0	0.124430001
144	147	0	3	2.14558101
145	148	2391	0
146	149	0	23
147	141	6536	0
148	150	0	0
149	143	6536	0
150	151	0	0
151	152	0	0
152	153	2829	0
153	154	1669	0
154	155	0	0
155	156	0	0	0.124430001
155	157	0	3	2.14558101
156	158	0	24
157	159	0	0
158	160	0	0
159	161	0	0
160	162	0	0
161	163	0	0
162	164	0	0
163	165	6663	0
164	166	231	0
165	167	0	0
166	168	5141	0
167	169	0	0	0.124430001
167	170	0	3	2.14558101
168	171	5982	0
169	172	0	24
170	173	6536	0
171	174	2829	0
172	175	6536	0
173	176	0	0
174	177	1669	0
175	168	1565	0
176	178	0	0	0.124430001
176	179	0	3	2.14558101
177	180	2391	0
178	181	0	24
179	173	6536	0
180	182	0	0
181	175	6536	0
182	183	0	0
183	184	0	0
184	185	2829	0
185	186	1669	0
186	187	0	0
187	188	0	0	0.124430001
187	189	0	3	2.14558101
188	190	0	25
189	191	0	0
190	192	0	0
191	193	0	0
192	194	0	0
193	195	4563	0
194	196	5774	0
195	197	0	0
196	198	1181	0
197	199	0	0	0.124430001
197	200	0	3	2.14558101
198	201	5982	0
199	202	0	25
200	203	6536	0
201	204	2829	0
202	205	6536	0
203	206	0	0
204	207	1669	0
205	198	1565	0
206	208	0	0	0.124430001
206	209	0	3	2.14558101
207	210	2391	0
208	211	0	25
209	203	6536	0
210	212	0	0
211	205	6536	0
212	213	0	0
213	214	2829	0
214	215	1669	0
215	216	0	0
216	217	0	0	0.124430001
216	218	0	3	2.14558101
217	219	0	0
218	220	0	0
219	221	0	0
220	222	2673	0
221	223	2673	0
222	224	0	0
223	225	0	0
224	226	0	0
225	227	0	0
226	228	4632	0
227
228	229	0	0
229	230	0	0	0.124430001
229	231	0	3	2.14558101
230	232	6536	0
231	233	6536	0
232
233	234	0	0
234	235	0	0	0.124430001
234	236	0	3	2.14558101
235	232	6536	0
236	233	6536	0
